# Opmerking: door stationsverplaatsingen en veranderingen in waarneemmethodieken zijn deze tijdreeksen van uurwaarden mogelijk inhomogeen! Dat betekent dat deze reeks van gemeten waarden niet geschikt is voor trendanalyse. Voor studies naar klimaatverandering verwijzen we naar de gehomogeniseerde dagreeksen <http://www.knmi.nl/nederland-nu/klimatologie/daggegevens> of de Centraal Nederland Temperatuur <http://www.knmi.nl/kennis-en-datacentrum/achtergrond/centraal-nederland-temperatuur-cnt>.
# 
# SOURCE: ROYAL NETHERLANDS METEOROLOGICAL INSTITUTE (KNMI)
"# Comment: These time series are inhomogeneous because of station relocations and changes in observation techniques. As a result, these series are not suitable for trend analysis. For climate change studies we refer to the homogenized series of daily data <http://www.knmi.nl/nederland-nu/klimatologie/daggegevens> or the Central Netherlands Temperature <http://www.knmi.nl/kennis-en-datacentrum/achtergrond/centraal-nederland-temperatuur-cnt>."
# 
# STN         LON(east)   LAT(north)  ALT(m)      NAME
# 215         4.437       52.141      -1.10       Voorschoten 
# SQ        : Duur van de zonneschijn (in 0.1 uren) per uurvak; berekend uit globale straling  (-1 for <0.05 uur) / Sunshine duration (in 0.1 hour) during the hourly division; calculated from global radiation (-1 for <0.05 hour)
# Q         : Globale straling (in J/cm2) per uurvak / Global radiation (in J/cm2) during the hourly division
# STN,YYYYMMDD,H,   SQ,    Q
  215,20221001,    1,    0,    0
  215,20221001,    2,    0,    0
  215,20221001,    3,    0,    0
  215,20221001,    4,    0,    0
  215,20221001,    5,    0,    0
  215,20221001,    6,    0,    1
  215,20221001,    7,    2,   19
  215,20221001,    8,    3,   44
  215,20221001,    9,    6,   76
  215,20221001,   10,   10,  129
  215,20221001,   11,    6,  116
  215,20221001,   12,    8,  135
  215,20221001,   13,   10,  185
  215,20221001,   14,    9,  131
  215,20221001,   15,    9,   89
  215,20221001,   16,    2,   37
  215,20221001,   17,    7,   20
  215,20221001,   18,    0,    1
  215,20221001,   19,    0,    0
  215,20221001,   20,    0,    0
  215,20221001,   21,    0,    0
  215,20221001,   22,    0,    0
  215,20221001,   23,    0,    0
  215,20221001,   24,    0,    0
  215,20221002,    1,    0,    0
  215,20221002,    2,    0,    0
  215,20221002,    3,    0,    0
  215,20221002,    4,    0,    0
  215,20221002,    5,    0,    0
  215,20221002,    6,    0,    1
  215,20221002,    7,    0,   16
  215,20221002,    8,    0,   42
  215,20221002,    9,    0,   66
  215,20221002,   10,    6,  125
  215,20221002,   11,    8,  165
  215,20221002,   12,    5,  118
  215,20221002,   13,    9,  168
  215,20221002,   14,   10,  163
  215,20221002,   15,   10,  134
  215,20221002,   16,    8,   71
  215,20221002,   17,    7,   27
  215,20221002,   18,    0,    1
  215,20221002,   19,    0,    0
  215,20221002,   20,    0,    0
  215,20221002,   21,    0,    0
  215,20221002,   22,    0,    0
  215,20221002,   23,    0,    0
  215,20221002,   24,    0,    0
  215,20221003,    1,    0,    0
  215,20221003,    2,    0,    0
  215,20221003,    3,    0,    0
  215,20221003,    4,    0,    0
  215,20221003,    5,    0,    0
  215,20221003,    6,    0,    1
  215,20221003,    7,    0,    6
  215,20221003,    8,    0,   18
  215,20221003,    9,    6,  102
  215,20221003,   10,    3,   95
  215,20221003,   11,    0,   52
  215,20221003,   12,    0,   57
  215,20221003,   13,    0,   63
  215,20221003,   14,    0,   35
  215,20221003,   15,    0,   50
  215,20221003,   16,    0,   31
  215,20221003,   17,    3,   11
  215,20221003,   18,    0,    0
  215,20221003,   19,    0,    0
  215,20221003,   20,    0,    0
  215,20221003,   21,    0,    0
  215,20221003,   22,    0,    0
  215,20221003,   23,    0,    0
  215,20221003,   24,    0,    0
  215,20221004,    1,    0,    0
  215,20221004,    2,    0,    0
  215,20221004,    3,    0,    0
  215,20221004,    4,    0,    0
  215,20221004,    5,    0,    0
  215,20221004,    6,    0,    0
  215,20221004,    7,    5,   21
  215,20221004,    8,    5,   60
  215,20221004,    9,    7,  106
  215,20221004,   10,    8,  147
  215,20221004,   11,    9,  194
  215,20221004,   12,    7,  151
  215,20221004,   13,   10,  184
  215,20221004,   14,   10,  156
  215,20221004,   15,    9,   83
  215,20221004,   16,    3,   32
  215,20221004,   17,    0,    6
  215,20221004,   18,    0,    0
  215,20221004,   19,    0,    0
  215,20221004,   20,    0,    0
  215,20221004,   21,    0,    0
  215,20221004,   22,    0,    0
  215,20221004,   23,    0,    0
  215,20221004,   24,    0,    0
  215,20221005,    1,    0,    0
  215,20221005,    2,    0,    0
  215,20221005,    3,    0,    0
  215,20221005,    4,    0,    0
  215,20221005,    5,    0,    0
  215,20221005,    6,    0,    0
  215,20221005,    7,    0,    7
  215,20221005,    8,    0,   19
  215,20221005,    9,    0,   44
  215,20221005,   10,    0,   59
  215,20221005,   11,    0,   50
  215,20221005,   12,    0,   56
  215,20221005,   13,    0,   69
  215,20221005,   14,    2,   85
  215,20221005,   15,    2,   53
  215,20221005,   16,    0,   17
  215,20221005,   17,    0,    4
  215,20221005,   18,    0,    0
  215,20221005,   19,    0,    0
  215,20221005,   20,    0,    0
  215,20221005,   21,    0,    0
  215,20221005,   22,    0,    0
  215,20221005,   23,    0,    0
  215,20221005,   24,    0,    0
  215,20221006,    1,    0,    0
  215,20221006,    2,    0,    0
  215,20221006,    3,    0,    0
  215,20221006,    4,    0,    0
  215,20221006,    5,    0,    0
  215,20221006,    6,    0,    0
  215,20221006,    7,    7,   22
  215,20221006,    8,    8,   69
  215,20221006,    9,    9,  105
  215,20221006,   10,   10,  156
  215,20221006,   11,   10,  199
  215,20221006,   12,    9,  176
  215,20221006,   13,   10,  190
  215,20221006,   14,   10,  161
  215,20221006,   15,   10,  116
  215,20221006,   16,   10,   68
  215,20221006,   17,    7,   19
  215,20221006,   18,    0,    0
  215,20221006,   19,    0,    0
  215,20221006,   20,    0,    0
  215,20221006,   21,    0,    0
  215,20221006,   22,    0,    0
  215,20221006,   23,    0,    0
  215,20221006,   24,    0,    0
  215,20221007,    1,    0,    0
  215,20221007,    2,    0,    0
  215,20221007,    3,    0,    0
  215,20221007,    4,    0,    0
  215,20221007,    5,    0,    0
  215,20221007,    6,    0,    0
  215,20221007,    7,    7,   22
  215,20221007,    8,    7,   62
  215,20221007,    9,    0,   48
  215,20221007,   10,    0,   57
  215,20221007,   11,    3,  108
  215,20221007,   12,    1,   94
  215,20221007,   13,    0,   83
  215,20221007,   14,    4,   86
  215,20221007,   15,    0,   39
  215,20221007,   16,    7,   42
  215,20221007,   17,    5,   19
  215,20221007,   18,    0,    0
  215,20221007,   19,    0,    0
  215,20221007,   20,    0,    0
  215,20221007,   21,    0,    0
  215,20221007,   22,    0,    0
  215,20221007,   23,    0,    0
  215,20221007,   24,    0,    0
  215,20221008,    1,    0,    0
  215,20221008,    2,    0,    0
  215,20221008,    3,    0,    0
  215,20221008,    4,    0,    0
  215,20221008,    5,    0,    0
  215,20221008,    6,    0,    0
  215,20221008,    7,    5,   20
  215,20221008,    8,   10,   67
  215,20221008,    9,   10,  101
  215,20221008,   10,    9,  139
  215,20221008,   11,    9,  174
  215,20221008,   12,   10,  178
  215,20221008,   13,   10,  181
  215,20221008,   14,   10,  152
  215,20221008,   15,   10,  128
  215,20221008,   16,    8,   53
  215,20221008,   17,    5,   16
  215,20221008,   18,    0,    0
  215,20221008,   19,    0,    0
  215,20221008,   20,    0,    0
  215,20221008,   21,    0,    0
  215,20221008,   22,    0,    0
  215,20221008,   23,    0,    0
  215,20221008,   24,    0,    0
  215,20221009,    1,    0,    0
  215,20221009,    2,    0,    0
  215,20221009,    3,    0,    0
  215,20221009,    4,    0,    0
  215,20221009,    5,    0,    0
  215,20221009,    6,    0,    0
  215,20221009,    7,    5,   26
  215,20221009,    8,   10,   59
  215,20221009,    9,   10,  117
  215,20221009,   10,   10,  150
  215,20221009,   11,   10,  182
  215,20221009,   12,   10,  192
  215,20221009,   13,   10,  178
  215,20221009,   14,   10,  152
  215,20221009,   15,   10,  117
  215,20221009,   16,   10,   64
  215,20221009,   17,    5,   15
  215,20221009,   18,    0,    0
  215,20221009,   19,    0,    0
  215,20221009,   20,    0,    0
  215,20221009,   21,    0,    0
  215,20221009,   22,    0,    0
  215,20221009,   23,    0,    0
  215,20221009,   24,    0,    0
  215,20221010,    1,    0,    0
  215,20221010,    2,    0,    0
  215,20221010,    3,    0,    0
  215,20221010,    4,    0,    0
  215,20221010,    5,    0,    0
  215,20221010,    6,    0,    0
  215,20221010,    7,    5,   18
  215,20221010,    8,    7,   47
  215,20221010,    9,    0,   42
  215,20221010,   10,    2,   71
  215,20221010,   11,    0,   30
  215,20221010,   12,    0,   38
  215,20221010,   13,    0,   27
  215,20221010,   14,    0,   44
  215,20221010,   15,   10,   98
  215,20221010,   16,   10,   68
  215,20221010,   17,    5,   12
  215,20221010,   18,    0,    0
  215,20221010,   19,    0,    0
  215,20221010,   20,    0,    0
  215,20221010,   21,    0,    0
  215,20221010,   22,    0,    0
  215,20221010,   23,    0,    0
  215,20221010,   24,    0,    0
  215,20221011,    1,    0,    0
  215,20221011,    2,    0,    0
  215,20221011,    3,    0,    0
  215,20221011,    4,    0,    0
  215,20221011,    5,    0,    0
  215,20221011,    6,    0,    0
  215,20221011,    7,    3,   13
  215,20221011,    8,    3,   43
  215,20221011,    9,    8,   97
  215,20221011,   10,    0,   49
  215,20221011,   11,    5,  100
  215,20221011,   12,    5,  117
  215,20221011,   13,   10,  170
  215,20221011,   14,    9,  127
  215,20221011,   15,   10,  106
  215,20221011,   16,   10,   56
  215,20221011,   17,    3,   10
  215,20221011,   18,    0,    0
  215,20221011,   19,    0,    0
  215,20221011,   20,    0,    0
  215,20221011,   21,    0,    0
  215,20221011,   22,    0,    0
  215,20221011,   23,    0,    0
  215,20221011,   24,    0,    0
  215,20221012,    1,    0,    0
  215,20221012,    2,    0,    0
  215,20221012,    3,    0,    0
  215,20221012,    4,    0,    0
  215,20221012,    5,    0,    0
  215,20221012,    6,    0,    0
  215,20221012,    7,    3,   12
  215,20221012,    8,    5,   50
  215,20221012,    9,   10,  102
  215,20221012,   10,    8,  134
  215,20221012,   11,    9,  168
  215,20221012,   12,    5,  129
  215,20221012,   13,    0,   71
  215,20221012,   14,    5,  103
  215,20221012,   15,   10,  105
  215,20221012,   16,    7,   55
  215,20221012,   17,    2,    7
  215,20221012,   18,    0,    0
  215,20221012,   19,    0,    0
  215,20221012,   20,    0,    0
  215,20221012,   21,    0,    0
  215,20221012,   22,    0,    0
  215,20221012,   23,    0,    0
  215,20221012,   24,    0,    0
  215,20221013,    1,    0,    0
  215,20221013,    2,    0,    0
  215,20221013,    3,    0,    0
  215,20221013,    4,    0,    0
  215,20221013,    5,    0,    0
  215,20221013,    6,    0,    0
  215,20221013,    7,    0,    3
  215,20221013,    8,    0,   20
  215,20221013,    9,    0,   33
  215,20221013,   10,    0,   28
  215,20221013,   11,    0,   29
  215,20221013,   12,    0,   13
  215,20221013,   13,    0,   13
  215,20221013,   14,    0,    7
  215,20221013,   15,    7,   55
  215,20221013,   16,    7,   42
  215,20221013,   17,    3,   11
  215,20221013,   18,    0,    0
  215,20221013,   19,    0,    0
  215,20221013,   20,    0,    0
  215,20221013,   21,    0,    0
  215,20221013,   22,    0,    0
  215,20221013,   23,    0,    0
  215,20221013,   24,    0,    0
  215,20221014,    1,    0,    0
  215,20221014,    2,    0,    0
  215,20221014,    3,    0,    0
  215,20221014,    4,    0,    0
  215,20221014,    5,    0,    0
  215,20221014,    6,    0,    0
  215,20221014,    7,    0,    2
  215,20221014,    8,    0,    8
  215,20221014,    9,    0,   20
  215,20221014,   10,    0,   26
  215,20221014,   11,    0,   23
  215,20221014,   12,    1,   70
  215,20221014,   13,    4,   99
  215,20221014,   14,    6,  103
  215,20221014,   15,    1,   49
  215,20221014,   16,    0,   23
  215,20221014,   17,    2,    4
  215,20221014,   18,    0,    0
  215,20221014,   19,    0,    0
  215,20221014,   20,    0,    0
  215,20221014,   21,    0,    0
  215,20221014,   22,    0,    0
  215,20221014,   23,    0,    0
  215,20221014,   24,    0,    0
  215,20221015,    1,    0,    0
  215,20221015,    2,    0,    0
  215,20221015,    3,    0,    0
  215,20221015,    4,    0,    0
  215,20221015,    5,    0,    0
  215,20221015,    6,    0,    0
  215,20221015,    7,    0,    5
  215,20221015,    8,    0,   15
  215,20221015,    9,    0,   40
  215,20221015,   10,    0,   45
  215,20221015,   11,    0,   50
  215,20221015,   12,    0,   46
  215,20221015,   13,    3,   77
  215,20221015,   14,   10,  131
  215,20221015,   15,    7,   73
  215,20221015,   16,   10,   48
  215,20221015,   17,    2,    7
  215,20221015,   18,    0,    0
  215,20221015,   19,    0,    0
  215,20221015,   20,    0,    0
  215,20221015,   21,    0,    0
  215,20221015,   22,    0,    0
  215,20221015,   23,    0,    0
  215,20221015,   24,    0,    0
  215,20221016,    1,    0,    0
  215,20221016,    2,    0,    0
  215,20221016,    3,    0,    0
  215,20221016,    4,    0,    0
  215,20221016,    5,    0,    0
  215,20221016,    6,    0,    0
  215,20221016,    7,    0,    5
  215,20221016,    8,    7,   45
  215,20221016,    9,   10,   80
  215,20221016,   10,   10,  117
  215,20221016,   11,   10,  163
  215,20221016,   12,   10,  173
  215,20221016,   13,    9,  144
  215,20221016,   14,   10,   87
  215,20221016,   15,    3,   48
  215,20221016,   16,    2,   20
  215,20221016,   17,    0,    2
  215,20221016,   18,    0,    0
  215,20221016,   19,    0,    0
  215,20221016,   20,    0,    0
  215,20221016,   21,    0,    0
  215,20221016,   22,    0,    0
  215,20221016,   23,    0,    0
  215,20221016,   24,    0,    0
  215,20221017,    1,    0,    0
  215,20221017,    2,    0,    0
  215,20221017,    3,    0,    0
  215,20221017,    4,    0,    0
  215,20221017,    5,    0,    0
  215,20221017,    6,    0,    0
  215,20221017,    7,    0,    3
  215,20221017,    8,    0,    4
  215,20221017,    9,    0,    7
  215,20221017,   10,    0,   20
  215,20221017,   11,    0,   16
  215,20221017,   12,    0,   54
  215,20221017,   13,    0,   48
  215,20221017,   14,    2,   45
  215,20221017,   15,    0,   47
  215,20221017,   16,    2,   20
  215,20221017,   17,    0,    3
  215,20221017,   18,    0,    0
  215,20221017,   19,    0,    0
  215,20221017,   20,    0,    0
  215,20221017,   21,    0,    0
  215,20221017,   22,    0,    0
  215,20221017,   23,    0,    0
  215,20221017,   24,    0,    0
  215,20221018,    1,    0,    0
  215,20221018,    2,    0,    0
  215,20221018,    3,    0,    0
  215,20221018,    4,    0,    0
  215,20221018,    5,    0,    0
  215,20221018,    6,    0,    0
  215,20221018,    7,    3,   10
  215,20221018,    8,   10,   49
  215,20221018,    9,   10,   96
  215,20221018,   10,   10,  138
  215,20221018,   11,   10,  164
  215,20221018,   12,   10,  172
  215,20221018,   13,   10,  162
  215,20221018,   14,   10,  137
  215,20221018,   15,   10,   95
  215,20221018,   16,   10,   44
  215,20221018,   17,    2,    5
  215,20221018,   18,    0,    0
  215,20221018,   19,    0,    0
  215,20221018,   20,    0,    0
  215,20221018,   21,    0,    0
  215,20221018,   22,    0,    0
  215,20221018,   23,    0,    0
  215,20221018,   24,    0,    0
  215,20221019,    1,    0,    0
  215,20221019,    2,    0,    0
  215,20221019,    3,    0,    0
  215,20221019,    4,    0,    0
  215,20221019,    5,    0,    0
  215,20221019,    6,    0,    0
  215,20221019,    7,    5,    9
  215,20221019,    8,   10,   45
  215,20221019,    9,   10,   93
  215,20221019,   10,   10,  128
  215,20221019,   11,   10,  159
  215,20221019,   12,   10,  170
  215,20221019,   13,   10,  167
  215,20221019,   14,   10,  136
  215,20221019,   15,   10,   87
  215,20221019,   16,   10,   26
  215,20221019,   17,    2,    4
  215,20221019,   18,    0,    0
  215,20221019,   19,    0,    0
  215,20221019,   20,    0,    0
  215,20221019,   21,    0,    0
  215,20221019,   22,    0,    0
  215,20221019,   23,    0,    0
  215,20221019,   24,    0,    0
  215,20221020,    1,    0,    0
  215,20221020,    2,    0,    0
  215,20221020,    3,    0,    0
  215,20221020,    4,    0,    0
  215,20221020,    5,    0,    0
  215,20221020,    6,    0,    0
  215,20221020,    7,    0,    3
  215,20221020,    8,    0,   13
  215,20221020,    9,    0,   26
  215,20221020,   10,    0,   24
  215,20221020,   11,    0,   27
  215,20221020,   12,    0,   34
  215,20221020,   13,    3,   65
  215,20221020,   14,    1,   49
  215,20221020,   15,    5,   56
  215,20221020,   16,    5,   25
  215,20221020,   17,    0,    6
  215,20221020,   18,    0,    0
  215,20221020,   19,    0,    0
  215,20221020,   20,    0,    0
  215,20221020,   21,    0,    0
  215,20221020,   22,    0,    0
  215,20221020,   23,    0,    0
  215,20221020,   24,    0,    0
  215,20221021,    1,    0,    0
  215,20221021,    2,    0,    0
  215,20221021,    3,    0,    0
  215,20221021,    4,    0,    0
  215,20221021,    5,    0,    0
  215,20221021,    6,    0,    0
  215,20221021,    7,    0,    3
  215,20221021,    8,    0,   16
  215,20221021,    9,    0,   34
  215,20221021,   10,    0,   61
  215,20221021,   11,    9,  122
  215,20221021,   12,    7,  125
  215,20221021,   13,    5,  121
  215,20221021,   14,   10,  121
  215,20221021,   15,   10,   84
  215,20221021,   16,   10,   38
  215,20221021,   17,    0,    3
  215,20221021,   18,    0,    0
  215,20221021,   19,    0,    0
  215,20221021,   20,    0,    0
  215,20221021,   21,    0,    0
  215,20221021,   22,    0,    0
  215,20221021,   23,    0,    0
  215,20221021,   24,    0,    0
  215,20221022,    1,    0,    0
  215,20221022,    2,    0,    0
  215,20221022,    3,    0,    0
  215,20221022,    4,    0,    0
  215,20221022,    5,    0,    0
  215,20221022,    6,    0,    0
  215,20221022,    7,    2,    5
  215,20221022,    8,    2,   18
  215,20221022,    9,    3,   37
  215,20221022,   10,    9,  109
  215,20221022,   11,   10,  139
  215,20221022,   12,    4,   99
  215,20221022,   13,   10,  146
  215,20221022,   14,   10,  117
  215,20221022,   15,   10,   72
  215,20221022,   16,    8,   28
  215,20221022,   17,    0,    1
  215,20221022,   18,    0,    0
  215,20221022,   19,    0,    0
  215,20221022,   20,    0,    0
  215,20221022,   21,    0,    0
  215,20221022,   22,    0,    0
  215,20221022,   23,    0,    0
  215,20221022,   24,    0,    0
  215,20221023,    1,    0,    0
  215,20221023,    2,    0,    0
  215,20221023,    3,    0,    0
  215,20221023,    4,    0,    0
  215,20221023,    5,    0,    0
  215,20221023,    6,    0,    0
  215,20221023,    7,    0,    2
  215,20221023,    8,    0,   15
  215,20221023,    9,    0,   22
  215,20221023,   10,    0,   33
  215,20221023,   11,    0,   32
  215,20221023,   12,    0,   63
  215,20221023,   13,    3,   67
  215,20221023,   14,   10,   88
  215,20221023,   15,    5,   58
  215,20221023,   16,    3,   12
  215,20221023,   17,    0,    3
  215,20221023,   18,    0,    0
  215,20221023,   19,    0,    0
  215,20221023,   20,    0,    0
  215,20221023,   21,    0,    0
  215,20221023,   22,    0,    0
  215,20221023,   23,    0,    0
  215,20221023,   24,    0,    0
  215,20221024,    1,    0,    0
  215,20221024,    2,    0,    0
  215,20221024,    3,    0,    0
  215,20221024,    4,    0,    0
  215,20221024,    5,    0,    0
  215,20221024,    6,    0,    0
  215,20221024,    7,    0,    0
  215,20221024,    8,    0,   16
  215,20221024,    9,    3,   34
  215,20221024,   10,    9,   84
  215,20221024,   11,    7,   99
  215,20221024,   12,    2,   64
  215,20221024,   13,    3,   78
  215,20221024,   14,    4,   56
  215,20221024,   15,    0,   35
  215,20221024,   16,    2,   17
  215,20221024,   17,    0,    2
  215,20221024,   18,    0,    0
  215,20221024,   19,    0,    0
  215,20221024,   20,    0,    0
  215,20221024,   21,    0,    0
  215,20221024,   22,    0,    0
  215,20221024,   23,    0,    0
  215,20221024,   24,    0,    0
  215,20221025,    1,    0,    0
  215,20221025,    2,    0,    0
  215,20221025,    3,    0,    0
  215,20221025,    4,    0,    0
  215,20221025,    5,    0,    0
  215,20221025,    6,    0,    0
  215,20221025,    7,    2,    6
  215,20221025,    8,   10,   36
  215,20221025,    9,   10,   83
  215,20221025,   10,    5,   77
  215,20221025,   11,    6,  100
  215,20221025,   12,    8,  107
  215,20221025,   13,    9,  107
  215,20221025,   14,    9,   86
  215,20221025,   15,    8,   67
  215,20221025,   16,    8,   27
  215,20221025,   17,    0,    0
  215,20221025,   18,    0,    0
  215,20221025,   19,    0,    0
  215,20221025,   20,    0,    0
  215,20221025,   21,    0,    0
  215,20221025,   22,    0,    0
  215,20221025,   23,    0,    0
  215,20221025,   24,    0,    0
  215,20221026,    1,    0,    0
  215,20221026,    2,    0,    0
  215,20221026,    3,    0,    0
  215,20221026,    4,    0,    0
  215,20221026,    5,    0,    0
  215,20221026,    6,    0,    0
  215,20221026,    7,    0,    3
  215,20221026,    8,   10,   39
  215,20221026,    9,    7,   74
  215,20221026,   10,    8,   94
  215,20221026,   11,    3,   72
  215,20221026,   12,    8,  107
  215,20221026,   13,   10,  128
  215,20221026,   14,   10,  103
  215,20221026,   15,    3,   39
  215,20221026,   16,    7,   20
  215,20221026,   17,    0,    2
  215,20221026,   18,    0,    0
  215,20221026,   19,    0,    0
  215,20221026,   20,    0,    0
  215,20221026,   21,    0,    0
  215,20221026,   22,    0,    0
  215,20221026,   23,    0,    0
  215,20221026,   24,    0,    0
  215,20221027,    1,    0,    0
  215,20221027,    2,    0,    0
  215,20221027,    3,    0,    0
  215,20221027,    4,    0,    0
  215,20221027,    5,    0,    0
  215,20221027,    6,    0,    0
  215,20221027,    7,    0,    2
  215,20221027,    8,    7,   29
  215,20221027,    9,    5,   60
  215,20221027,   10,    4,   77
  215,20221027,   11,    3,   83
  215,20221027,   12,    0,   35
  215,20221027,   13,    1,   57
  215,20221027,   14,    9,   97
  215,20221027,   15,    8,   59
  215,20221027,   16,    8,   28
  215,20221027,   17,    0,    1
  215,20221027,   18,    0,    0
  215,20221027,   19,    0,    0
  215,20221027,   20,    0,    0
  215,20221027,   21,    0,    0
  215,20221027,   22,    0,    0
  215,20221027,   23,    0,    0
  215,20221027,   24,    0,    0
  215,20221028,    1,    0,    0
  215,20221028,    2,    0,    0
  215,20221028,    3,    0,    0
  215,20221028,    4,    0,    0
  215,20221028,    5,    0,    0
  215,20221028,    6,    0,    0
  215,20221028,    7,    0,    2
  215,20221028,    8,    5,   24
  215,20221028,    9,    0,   41
  215,20221028,   10,    9,   91
  215,20221028,   11,    5,   88
  215,20221028,   12,    1,   82
  215,20221028,   13,    6,   84
  215,20221028,   14,    8,   82
  215,20221028,   15,    0,   26
  215,20221028,   16,    7,   16
  215,20221028,   17,    0,    1
  215,20221028,   18,    0,    0
  215,20221028,   19,    0,    0
  215,20221028,   20,    0,    0
  215,20221028,   21,    0,    0
  215,20221028,   22,    0,    0
  215,20221028,   23,    0,    0
  215,20221028,   24,    0,    0
  215,20221029,    1,    0,    0
  215,20221029,    2,    0,    0
  215,20221029,    3,    0,    0
  215,20221029,    4,    0,    0
  215,20221029,    5,    0,    0
  215,20221029,    6,    0,    0
  215,20221029,    7,    0,    1
  215,20221029,    8,    3,   22
  215,20221029,    9,    0,   38
  215,20221029,   10,    3,   53
  215,20221029,   11,    7,  105
  215,20221029,   12,    5,   79
  215,20221029,   13,    9,  107
  215,20221029,   14,    2,   51
  215,20221029,   15,    0,   31
  215,20221029,   16,    0,   12
  215,20221029,   17,    0,    1
  215,20221029,   18,    0,    0
  215,20221029,   19,    0,    0
  215,20221029,   20,    0,    0
  215,20221029,   21,    0,    0
  215,20221029,   22,    0,    0
  215,20221029,   23,    0,    0
  215,20221029,   24,    0,    0
  215,20221030,    1,    0,    0
  215,20221030,    2,    0,    0
  215,20221030,    3,    0,    0
  215,20221030,    4,    0,    0
  215,20221030,    5,    0,    0
  215,20221030,    6,    0,    0
  215,20221030,    7,    2,    3
  215,20221030,    8,    8,   28
  215,20221030,    9,    5,   54
  215,20221030,   10,   10,   90
  215,20221030,   11,    8,  101
  215,20221030,   12,   10,   97
  215,20221030,   13,    0,   57
  215,20221030,   14,    7,   68
  215,20221030,   15,    0,   24
  215,20221030,   16,    3,   13
  215,20221030,   17,    0,    0
  215,20221030,   18,    0,    0
  215,20221030,   19,    0,    0
  215,20221030,   20,    0,    0
  215,20221030,   21,    0,    0
  215,20221030,   22,    0,    0
  215,20221030,   23,    0,    0
  215,20221030,   24,    0,    0
  215,20221031,    1,    0,    0
  215,20221031,    2,    0,    0
  215,20221031,    3,    0,    0
  215,20221031,    4,    0,    0
  215,20221031,    5,    0,    0
  215,20221031,    6,    0,    0
  215,20221031,    7,    0,    1
  215,20221031,    8,    8,   31
  215,20221031,    9,    7,   64
  215,20221031,   10,    4,   80
  215,20221031,   11,    3,   63
  215,20221031,   12,    5,   87
  215,20221031,   13,    6,   79
  215,20221031,   14,    2,   39
  215,20221031,   15,    0,   16
  215,20221031,   16,    0,    8
  215,20221031,   17,    0,    0
  215,20221031,   18,    0,    0
  215,20221031,   19,    0,    0
  215,20221031,   20,    0,    0
  215,20221031,   21,    0,    0
  215,20221031,   22,    0,    0
  215,20221031,   23,    0,    0
  215,20221031,   24,    0,    0
